avona@dgx005:~/sequence$ ./tests/THE_test.sh 

Time: 19.333669
Result: 1, 2, 1

avona@dgx005:~/sequence$ mpirun -np 2 --map-by socket --bind-to socket ./align_mpi_omp_2 100000000 0.25 0.25 0.25 50000 128 32 0 1 0 0 0 A 12345

Time: 128.403981
Result: 8, 62219, 86